Treatment	fTRL	fTRA	fRAE	fSSA	fSH	fRSA	RER	RAER	SER	SSAER	rFW	sFW	rDW	sDW
WW_NOI	405.5872292	337.0351105	1.203397559	904.2407602	266.2244842	0.372727182	0.292640133	0.289183302	0.450429901	0.298970619	0.282	0.5386	0.018	0.0608
WW_NOI	584.2645382	465.526658	1.255061398	1431.291425	192.1857222	0.325249387	0.381425647	0.351970177	0.433168126	0.24869531	0.563	0.62	0.029	0.068
WW_NOI	621.5507412	481.5344603	1.290771051	1245.235049	294.5047407	0.38670166	0.363468464	0.322275825	0.41590635	0.349245928	0.526	0.484	0.0284	0.056
WW_NOI	687.5712657	569.336801	1.207670512	1449.366763	206.0633018	0.392817619	0.382714624	0.364601868	0.385001392	0.343277056	0.315	0.528	0.023	0.056
WW_NOI	581.299886	495.2795839	1.173680291	1038.959568	273.5758506	0.476707274	0.37231431	0.360369456	0.442713327	0.346261492	0.382	0.486	0.032	0.058
WW_NOI	906.3854048	826.2678804	1.096963135	1434.202435	263.4489682	0.576116635	0.358512636	0.337680126	0.41385736	0.295986183	0.555	0.575	0.04	0.066
WW_MIX1	723.3751425	617.0351105	1.172340326	1644.065904	276.6514223	0.375310448	0.452457906	0.442127483	0.454241796	0.41682027	0.416	0.627	0.026	0.07
WW_MIX1	803.6488027	664.2652796	1.209831113	1260.873262	244.6204685	0.526829539	0.439037153	0.428645648	0.415419231	0.435157543	0.481	0.514	0.043	0.059
WW_MIX1	714.3671608	642.8218466	1.111298822	1325.41192	319.7094255	0.484997786	0.426763013	0.445691924	0.47754616	0.385009688	0.394	0.566	0.032	0.075
WW_MIX1	723.0330673	612.9388817	1.179616906	1710.454971	249.8714445	0.358348447	0.398547881	0.396116032	0.453661894	0.453494815	0.4736	0.57	0.0352	0.08
WW_MIX1	572.7480046	455.4356307	1.257582776	1509.753283	329.1611825	0.301662289	0.348751039	0.421895477	0.510407324	0.38605146	0.43852	0.571	0.039	0.07
WW_MIX1	712.4287343	589.0507152	1.209452286	1430.501616	330.8114891	0.411779133	0.413780897	0.396896296	0.453329416	0.383967915	0.428	0.572	0.036	0.063
WW_MIXR	512.3147092	368.816645	1.389076974	1408.928554	237.1190742	0.261771006	0.243520485	0.328806375	0.420522377	0.387489493	0.637	0.429	0.046	0.0665
WW_MIXR	598.5176739	464.5123537	1.28848602	1277.820301	243.0451757	0.36351931	0.312020962	0.272109073	0.399189682	0.339144832	0.528	0.405	0.045	0.062
WW_MIXR	790.5359179	615.8907672	1.283565138	1343.870879	217.1653654	0.458296088	0.423754117	0.385503677	0.392516933	0.276425971	0.569	0.465	0.047	0.07
WW_MIXR	681.4139111	575.9947984	1.183020946	1398.209721	283.1776353	0.411951648	0.407324468	0.393674998	0.401764451	0.305103697	0.834	0.553	0.064	0.063
WW_MIXR	711.0604333	549.4278283	1.294183506	988.705165	306.1319018	0.555704418	0.37319928	0.335291623	0.375769338	0.316975005	0.804	0.603	0.051	0.072
WW_MIXR	1058.380844	854.5773732	1.238484515	1110.651637	294.3547129	0.769437819	0.351963862	0.364483311	0.431973526	0.310830855	0.45	0.447	0.0575	0.052
NW_NOI	1002.736602	920.0390117	1.089884874	935.9233742	225.7919688	0.983028138	0.614553514	0.630215813	0.348019052	0.213783911	0.688	0.412	0.062	0.06
NW_NOI	749.8289624	650.7802341	1.152199964	1010.503887	262.5488008	0.644015568	0.436009019	0.433189393	0.366684193	0.253143694	0.876	0.33	0.061	0.047
NW_NOI	958.2668187	795.0975293	1.205219213	1014.159573	310.1076408	0.783996474	0.488599286	0.459929444	0.386339034	0.249410086	0.69	0.399	0.0615	0.05
NW_NOI	1028.278221	872.3927178	1.178687304	970.0882444	181.8337981	0.899292124	0.605634561	0.588259902	0.352055176	0.263995375	0.7656	0.336	0.0725	0.051
NW_NOI	883.9224629	807.7373212	1.094319205	777.0589847	320.459565	1.039480062	0.540500816	0.563777266	0.365849133	0.229370451	0.977	0.387	0.077	0.049
NW_NOI	595.7810718	527.1521456	1.130188081	911.1910772	267.3496933	0.578530847	0.537059439	0.535074364	0.386570996	0.258949068	0.597	0.447	0.068	0.058
NW_MIX1	735.9179019	662.1716515	1.111370292	1004.343378	274.7760737	0.659308027	0.43020285	0.451306544	0.378846689	0.271508766	0.765	0.403	0.057	0.048
NW_MIX1	951.7673888	845.2405722	1.126031357	896.2524088	303.281372	0.943083181	0.540100656	0.549382633	0.411630532	0.262582786	0.75	0.379	0.068	0.051
NW_MIX1	956.3283922	858.9856957	1.113322838	1066.332083	271.5504742	0.805551769	0.629128574	0.637232884	0.406086661	0.269818653	0.943	0.364	0.06	0.047
NW_MIX1	760.0912201	677.8543563	1.121319371	922.3386637	255.3474624	0.734930003	0.458779666	0.470384686	0.382797761	0.264339334	0.971	0.363	0.0636	0.051
NW_MIX1	1029.874572	948.7776333	1.08547518	952.7350177	254.0722253	0.99584629	0.631240958	0.657123579	0.387970495	0.255460943	1.014	0.436	0.063	0.058
NW_MIX1	992.7023945	885.9427828	1.120503958	979.3177238	266.6745678	0.904653068	0.584899344	0.594781536	0.337310179	0.263379546	0.816	0.375	0.07	0.056
NW_MIXR	616.6476625	515.0845254	1.197177613	1180.718956	346.4894032	0.436246511	0.533878936	0.534234918	0.417908948	0.245215667	0.45	0.283	0.0476	0.036
NW_MIXR	839.1106043	738.3745124	1.136429536	799.0608	219.4157836	0.924052978	0.54377905	0.550940268	0.378011629	0.269590132	0.616	0.4	0.043	0.054
NW_MIXR	769.4412771	651.4694408	1.181085756	1038.77904	284.97797	0.627149197	0.485886662	0.463854377	0.350207219	0.212987621	0.6412	0.3415	0.035	0.032
NW_MIXR	952.4515393	844.4993498	1.127829808	890.7688794	187.8349135	0.948056639	0.621117678	0.63037871	0.380911143	0.257527526	0.798	0.417	0.063	0.059
NW_MIXR	693.27252	588.6085826	1.177815853	644.4613778	264.3491356	0.913334147	0.453450611	0.443334265	0.323694059	0.2574029	0.707	0.375	0.058	0.051
NW_MIXR	905.2451539	821.4174252	1.102052533	1228.942422	306.3569437	0.668393743	0.56516068	0.582666969	0.390065877	0.235257574	0.635	0.459	0.039	0.05