date	n_day	treatment	sample	tot_length	tot_area	Area_Efficiency
11/06/25	1	WW_NOI	1	0	0	0
11/06/25	1	WW_NOI	2	10.60433295	8.101430429	1.308945753
11/06/25	1	WW_NOI	3	17.44583808	12.48374512	1.397484322
11/06/25	1	WW_NOI	4	11.74458381	13.64109233	0.86097092
11/06/25	1	WW_NOI	5	34.43557583	33.05591678	1.041737129
11/06/25	1	WW_NOI	6	0	0	0
11/06/25	1	WW_MIX1	1	0	0	0
11/06/25	1	WW_MIX1	2	9.92018244	7.451235371	1.331347347
11/06/25	1	WW_MIX1	3	0	0	0
11/06/25	1	WW_MIX1	4	8.89395667	6.77503251	1.312754833
11/06/25	1	WW_MIX1	5	13.45496009	11.59947984	1.159962367
11/06/25	1	WW_MIX1	6	12.65678449	9.544863459	1.326030964
11/06/25	1	WW_MIXR	1	24.51539339	14.61638492	1.677254227
11/06/25	1	WW_MIXR	2	0	0	0
11/06/25	1	WW_MIXR	3	25.08551881	20.33810143	1.233424806
11/06/25	1	WW_MIXR	4	10.94640821	9.102730819	1.202541131
11/06/25	1	WW_MIXR	5	18.01596351	13.83615085	1.302093603
11/06/25	1	WW_MIXR	6	11.40250855	10.65019506	1.070638471
11/06/25	1	NW_NOI	1	34.32155074	26.95708713	1.273192114
11/06/25	1	NW_NOI	2	0	0	0
11/06/25	1	NW_NOI	3	38.88255416	21.33940182	1.822101411
11/06/25	1	NW_NOI	4	10.94640821	13.05591678	0.838425091
11/06/25	1	NW_NOI	5	0	0	0
11/06/25	1	NW_NOI	6	0	0	0
11/06/25	1	NW_MIX1	1	20.63854048	14.473342	1.425969239
11/06/25	1	NW_MIX1	2	0	0	0
11/06/25	1	NW_MIX1	3	55.64424173	52.34070221	1.063116072
11/06/25	1	NW_MIX1	4	0	0	0
11/06/25	1	NW_MIX1	5	41.04903079	26.82704811	1.530135952
11/06/25	1	NW_MIX1	6	11.40250855	7.490247074	1.522314076
11/06/25	1	NW_MIXR	1	8.665906499	6.566970091	1.319620217
11/06/25	1	NW_MIXR	2	0	0	0
11/06/25	1	NW_MIXR	3	9.692132269	7.256176853	1.335707834
11/06/25	1	NW_MIXR	4	0	0	0
11/06/25	1	NW_MIXR	5	20.98061574	19.18075423	1.093836848
11/06/25	1	NW_MIXR	6	12.54275941	11.52145644	1.088643565
12/06/25	2	WW_NOI	1	67.38882554	66.81404421	1.008602702
12/06/25	2	WW_NOI	2	90.07981756	86.6449935	1.039642499
12/06/25	2	WW_NOI	3	85.0627138	75.90377113	1.120665186
12/06/25	2	WW_NOI	4	70.23945268	61.26137841	1.146553579
12/06/25	2	WW_NOI	5	105.0171038	103.9921977	1.009855606
12/06/25	2	WW_NOI	6	90.76396807	91.1313394	0.995968771
12/06/25	2	WW_MIX1	1	88.71151653	79.88296489	1.110518577
12/06/25	2	WW_MIX1	2	70.46750285	62.15864759	1.133671751
12/06/25	2	WW_MIX1	3	54.50399088	52.2496749	1.043145072
12/06/25	2	WW_MIX1	4	89.85176739	78.38751625	1.146250981
12/06/25	2	WW_MIX1	5	90.42189282	83.53706112	1.082416494
12/06/25	2	WW_MIX1	6	79.70353478	75.33159948	1.058035875
12/06/25	2	WW_MIXR	1	44.69783352	36.86605982	1.212438588
12/06/25	2	WW_MIXR	2	68.75712657	53.88816645	1.275922547
12/06/25	2	WW_MIXR	3	127.2519954	124.4343303	1.022643792
12/06/25	2	WW_MIXR	4	73.77423033	68.8946684	1.070826409
12/06/25	2	WW_MIXR	5	68.98517674	64.4213264	1.070843781
12/06/25	2	WW_MIXR	6	82.09806157	84.66840052	0.969642288
12/06/25	2	NW_NOI	1	151.5393387	147.9583875	1.024202421
12/06/25	2	NW_NOI	2	40.02280502	42.76983095	0.935771878
12/06/25	2	NW_NOI	3	48.57468643	42.65279584	1.138839447
12/06/25	2	NW_NOI	4	117.5598632	133.6671001	0.879497372
12/06/25	2	NW_NOI	5	78.22120867	75.14954486	1.040874017
12/06/25	2	NW_NOI	6	30.78677309	33.21196359	0.926978407
12/06/25	2	NW_MIX1	1	66.47662486	64.18725618	1.035667028
12/06/25	2	NW_MIX1	2	57.69669327	55.17555267	1.045693074
12/06/25	2	NW_MIX1	3	138.9965792	134.7074122	1.031840616
12/06/25	2	NW_MIX1	4	66.24857469	61.33940182	1.080032943
12/06/25	2	NW_MIX1	5	129.7605473	111.3524057	1.165314269
12/06/25	2	NW_MIX1	6	67.61687571	62.236671	1.086447502
12/06/25	2	NW_MIXR	1	30.78677309	34.07022107	0.903627042
12/06/25	2	NW_MIXR	2	90.19384265	86.72301691	1.040021967
12/06/25	2	NW_MIXR	3	105.2451539	98.36150845	1.069983122
12/06/25	2	NW_MIXR	4	105.5872292	102.3276983	1.031853848
12/06/25	2	NW_MIXR	5	79.36145952	77.68530559	1.021576203
12/06/25	2	NW_MIXR	6	116.3055872	114.1872562	1.018551378
13/06/25	3	WW_NOI	1	144.8118586	149.3758127	0.969446499
13/06/25	3	WW_NOI	2	196.3511973	184.6163849	1.063563223
13/06/25	3	WW_NOI	3	138.4264538	123.2249675	1.123363687
13/06/25	3	WW_NOI	4	138.4264538	128.2704811	1.079176227
13/06/25	3	WW_NOI	5	143.2155074	139.3107932	1.028028799
13/06/25	3	WW_NOI	6	200.6841505	213.7581274	0.938837521
13/06/25	3	WW_MIX1	1	161.1174458	157.6202861	1.022187244
13/06/25	3	WW_MIX1	2	145.1539339	144.0702211	1.007522115
13/06/25	3	WW_MIX1	3	154.618016	162.2756827	0.952810757
13/06/25	3	WW_MIX1	4	163.2839225	162.4057217	1.00540745
13/06/25	3	WW_MIX1	5	175.7126568	156.1508453	1.125275092
13/06/25	3	WW_MIX1	6	136.9441277	143.3550065	0.955279701
13/06/25	3	WW_MIXR	1	65.22234892	54.74642393	1.191353594
13/06/25	3	WW_MIXR	2	131.8129989	107.2561769	1.228954851
13/06/25	3	WW_MIXR	3	205.0171038	190.7152146	1.074990814
13/06/25	3	WW_MIXR	4	186.7730901	179.6749025	1.039505727
13/06/25	3	WW_MIXR	5	141.8472064	134.3042913	1.056162875
13/06/25	3	WW_MIXR	6	166.2485747	172.1846554	0.965524915
13/06/25	3	NW_NOI	1	283.4663626	269.479844	1.05190191
13/06/25	3	NW_NOI	2	105.7012543	97.19115735	1.087560403
13/06/25	3	NW_NOI	3	98.4036488	88.59557867	1.11070609
13/06/25	3	NW_NOI	4	216.8757127	213.2379714	1.017059538
13/06/25	3	NW_NOI	5	193.6145952	192.5357607	1.005603294
13/06/25	3	NW_NOI	6	80.95781072	90.58517555	0.893720305
13/06/25	3	NW_MIX1	1	157.0125428	153.2509753	1.024545146
13/06/25	3	NW_MIX1	2	160.2052452	167.1521456	0.958439658
13/06/25	3	NW_MIX1	3	261.9156214	244.8244473	1.069809916
13/06/25	3	NW_MIX1	4	147.2063854	149.6358908	0.983763886
13/06/25	3	NW_MIX1	5	242.3033067	216.9830949	1.116692094
13/06/25	3	NW_MIX1	6	160.2052452	152.5097529	1.050459018
13/06/25	3	NW_MIXR	1	80.72976055	81.54746424	0.989972666
13/06/25	3	NW_MIXR	2	218.4720639	204.5773732	1.067919
13/06/25	3	NW_MIXR	3	210.604333	195.3576073	1.078045211
13/06/25	3	NW_MIXR	4	216.1915621	202.4837451	1.067698358
13/06/25	3	NW_MIXR	5	157.4686431	147.6983095	1.066150612
13/06/25	3	NW_MIXR	6	201.8244014	189.6488947	1.064200251
14/06/25	4	WW_NOI	1	213.9110604	221.9895969	0.963608491
14/06/25	4	WW_NOI	2	276.2827822	247.2041612	1.117629982
14/06/25	4	WW_NOI	3	207.5256556	179.1547464	1.158359797
14/06/25	4	WW_NOI	4	207.2976055	193.8881664	1.069160689
14/06/25	4	WW_NOI	5	249.372862	233.029909	1.070132427
14/06/25	4	WW_NOI	6	308.7799316	356.2418726	0.866770459
14/06/25	4	WW_MIX1	1	243.5575827	235.8127438	1.032843174
14/06/25	4	WW_MIX1	2	210.604333	223.0169051	0.944342461
14/06/25	4	WW_MIX1	3	195.3249715	208.3745124	0.937374582
14/06/25	4	WW_MIX1	4	207.0695553	212.4447334	0.974698464
14/06/25	4	WW_MIX1	5	248.004561	226.7750325	1.093614929
14/06/25	4	WW_MIX1	6	179.4754846	183.2379714	0.979466664
14/06/25	4	WW_MIXR	1	113.6830103	94.56436931	1.202175948
14/06/25	4	WW_MIXR	2	171.949829	146.5149545	1.17359917
14/06/25	4	WW_MIXR	3	272.6339795	249.479844	1.092809644
14/06/25	4	WW_MIXR	4	272.5199544	260.3641092	1.046687868
14/06/25	4	WW_MIXR	5	218.8141391	209.5188557	1.044364902
14/06/25	4	WW_MIXR	6	272.7480046	272.3537061	1.001447744
14/06/25	4	NW_NOI	1	373.6602052	363.0559168	1.029208416
14/06/25	4	NW_NOI	2	190.0798176	175.7347204	1.081629271
14/06/25	4	NW_NOI	3	134.2075257	117.0351105	1.146728748
14/06/25	4	NW_NOI	4	311.5165336	295.0715215	1.055732292
14/06/25	4	NW_NOI	5	287.9133409	292.0416125	0.985864098
14/06/25	4	NW_NOI	6	95.66704675	107.0351105	0.893791264
14/06/25	4	NW_MIX1	1	227.8221209	240.7802341	0.94618282
14/06/25	4	NW_MIX1	2	224.1733181	225.0585176	0.996066803
14/06/25	4	NW_MIX1	3	388.4834664	361.8855657	1.073498098
14/06/25	4	NW_MIX1	4	224.8574686	234.4863459	0.958936299
14/06/25	4	NW_MIX1	5	356.1003421	334.7984395	1.063626051
14/06/25	4	NW_MIX1	6	265.4503991	272.7958388	0.973073491
14/06/25	4	NW_MIXR	1	126.5678449	125.5136541	1.008399013
14/06/25	4	NW_MIXR	2	336.7160775	337.8023407	0.996784323
14/06/25	4	NW_MIXR	3	301.368301	285.6957087	1.05485764
14/06/25	4	NW_MIXR	4	363.2839225	350.5851756	1.036221574
14/06/25	4	NW_MIXR	5	254.3899658	242.6137841	1.048538799
14/06/25	4	NW_MIXR	6	309.6921323	308.2054616	1.004823635
15/06/25	5	WW_NOI	1	344.1847206	345.8647595	0.995142498
15/06/25	5	WW_NOI	2	294.9828963	272.4252276	1.082803156
15/06/25	5	WW_NOI	3	294.0706956	254.3758128	1.156048181
15/06/25	5	WW_NOI	4	266.5336374	229.6488947	1.16061363
15/06/25	5	WW_NOI	5	292.3033067	271.7945384	1.075456882
15/06/25	5	WW_NOI	6	322.4629419	327.4577374	0.984746748
15/06/25	5	WW_MIX1	1	422.576967	421.9895969	1.001391907
15/06/25	5	WW_MIX1	2	318.3010263	306.8595579	1.037285684
15/06/25	5	WW_MIX1	3	288.9965793	290.6436932	0.994332876
15/06/25	5	WW_MIX1	4	312.8848347	318.3680104	0.98277724
15/06/25	5	WW_MIX1	5	269.4412771	252.2756827	1.068043
15/06/25	5	WW_MIX1	6	248.9737743	232.509753	1.070810024
15/06/25	5	WW_MIXR	1	237.0581528	218.0429129	1.087208704
15/06/25	5	WW_MIXR	2	172.4059293	141.8010403	1.215829792
15/06/25	5	WW_MIXR	3	271.5507412	236.1443434	1.149935405
15/06/25	5	WW_MIXR	4	315.7354618	288.5175553	1.09433709
15/06/25	5	WW_MIXR	5	294.5838085	271.983095	1.083096023
15/06/25	5	WW_MIXR	6	276.7958951	260.5136541	1.062500528
15/06/25	5	NW_NOI	1	437.2291904	410.1820547	1.065939344
15/06/25	5	NW_NOI	2	355.4732041	337.8868661	1.052048007
15/06/25	5	NW_NOI	3	242.1892817	222.3537061	1.089207308
15/06/25	5	NW_NOI	4	319.6123147	290.8517556	1.098883911
15/06/25	5	NW_NOI	5	402.622577	379.5383615	1.060821824
15/06/25	5	NW_NOI	6	284.6066135	293.153446	0.970845192
15/06/25	5	NW_MIX1	1	221.949829	228.5045514	0.971314697
15/06/25	5	NW_MIX1	2	304.9600912	311.9700911	0.977529898
15/06/25	5	NW_MIX1	3	435.290764	413.9856957	1.051463296
15/06/25	5	NW_MIX1	4	412.4857469	401.6579974	1.026957635
15/06/25	5	NW_MIX1	5	375.5416192	362.3276983	1.03646953
15/06/25	5	NW_MIX1	6	402.9076397	402.2951886	1.001522392
15/06/25	5	NW_MIXR	1	305.4161916	302.4967491	1.009651153
15/06/25	5	NW_MIXR	2	266.4196123	258.0559168	1.0324104
15/06/25	5	NW_MIXR	3	435.4047891	418.8816645	1.039445805
15/06/25	5	NW_MIXR	4	418.8711517	382.9258778	1.093870057
15/06/25	5	NW_MIXR	5	423.1470924	413.6085826	1.023061682
15/06/25	5	NW_MIXR	6	474.4583808	469.739922	1.010044832
16/06/25	6	WW_NOI	1	313.6830103	297.6462939	1.053878435
16/06/25	6	WW_NOI	2	380.6157355	329.5968791	1.154791685
16/06/25	6	WW_NOI	3	325.7696693	265.4096229	1.227422223
16/06/25	6	WW_NOI	4	335.2337514	310.5591678	1.079452118
16/06/25	6	WW_NOI	5	336.1459521	298.6736021	1.125462544
16/06/25	6	WW_NOI	6	601.5963512	608.1664499	0.989196874
16/06/25	6	WW_MIX1	1	425.9977195	390.7022107	1.090338646
16/06/25	6	WW_MIX1	2	382.668187	372.9128739	1.026159765
16/06/25	6	WW_MIX1	3	418.700114	424.2912874	0.986822323
16/06/25	6	WW_MIX1	4	290.8779932	277.7763329	1.047166222
16/06/25	6	WW_MIX1	5	318.4720639	281.7815345	1.130209133
16/06/25	6	WW_MIX1	6	360.4332953	341.5214564	1.055375258
16/06/25	6	WW_MIXR	1	172.8620296	137.0871261	1.26096472
16/06/25	6	WW_MIXR	2	270.4675029	222.8088427	1.213899321
16/06/25	6	WW_MIXR	3	358.9509692	316.6710013	1.133513861
16/06/25	6	WW_MIXR	4	370.3534778	334.4473342	1.107359635
16/06/25	6	WW_MIXR	5	280.8437856	248.6736021	1.129367103
16/06/25	6	WW_MIXR	6	500.7981756	457.3081925	1.095099943
16/06/25	6	NW_NOI	1	520.8665906	500.0390117	1.041651908
16/06/25	6	NW_NOI	2	350.1710376	327.6723017	1.068662306
16/06/25	6	NW_NOI	3	327.7080958	286.6319896	1.143306078
16/06/25	6	NW_NOI	4	517.331813	467.0351105	1.107693622
16/06/25	6	NW_NOI	5	473.5461802	479.2717815	0.98805354
16/06/25	6	NW_NOI	6	216.0775371	216.2288687	0.999300132
16/06/25	6	NW_MIX1	1	385.7468643	398.8816645	0.967070935
16/06/25	6	NW_MIX1	2	482.0980616	466.0858257	1.034354694
16/06/25	6	NW_MIX1	3	600.1140251	568.8296489	1.054997795
16/06/25	6	NW_MIX1	4	394.9828962	389.8569571	1.013148256
16/06/25	6	NW_MIX1	5	540.3648803	531.7945384	1.016115889
16/06/25	6	NW_MIX1	6	484.2645382	479.479844	1.009978927
16/06/25	6	NW_MIXR	1	196.1231471	178.3094928	1.099903006
16/06/25	6	NW_MIXR	2	569.4412771	552.0676203	1.031470161
16/06/25	6	NW_MIXR	3	474.4583808	415.26658	1.142539284
16/06/25	6	NW_MIXR	4	591.9042189	584.603381	1.012488532
16/06/25	6	NW_MIXR	5	425.9977195	380.7802341	1.11874956
16/06/25	6	NW_MIXR	6	521.7787913	508.2054616	1.026708351
17/06/25	7	WW_NOI	1	340.9350057	311.2483745	1.095379233
17/06/25	7	WW_NOI	2	408.8939567	355.916775	1.148847105
17/06/25	7	WW_NOI	3	380.8437856	311.976593	1.220744742
17/06/25	7	WW_NOI	4	390.4218928	358.946684	1.087687699
17/06/25	7	WW_NOI	5	381.1858609	337.5162549	1.129385194
17/06/25	7	WW_NOI	6	696.4652223	700.2990897	0.994525386
17/06/25	7	WW_MIX1	1	482.7822121	439.6488947	1.098108554
17/06/25	7	WW_MIX1	2	438.4264538	409.6228869	1.070317279
17/06/25	7	WW_MIX1	3	497.2633979	492.7958388	1.00906574
17/06/25	7	WW_MIX1	4	357.6966933	337.8413524	1.058771198
17/06/25	7	WW_MIX1	5	347.5484607	303.810143	1.143965956
17/06/25	7	WW_MIX1	6	457.5826682	420.520156	1.088134925
17/06/25	7	WW_MIXR	1	205.359179	159.7789337	1.285270681
17/06/25	7	WW_MIXR	2	320.4104903	254.5253576	1.258854887
17/06/25	7	WW_MIXR	3	383.5803877	332.0286086	1.155263064
17/06/25	7	WW_MIXR	4	414.2531357	365.3446034	1.13386959
17/06/25	7	WW_MIXR	5	306.2713797	262.1716515	1.16820937
17/06/25	7	WW_MIXR	6	589.6237172	523.7581274	1.125755738
17/06/25	7	NW_NOI	1	593.6145952	561.6124837	1.05698255
17/06/25	7	NW_NOI	2	424.5153934	399.9609883	1.061392
17/06/25	7	NW_NOI	3	441.5051311	385.916775	1.144042342
17/06/25	7	NW_NOI	4	605.8152794	539.7919376	1.122312575
17/06/25	7	NW_NOI	5	561.6875713	562.8218466	0.997984664
17/06/25	7	NW_NOI	6	262.3717218	253.6150845	1.034527273
17/06/25	7	NW_MIX1	1	472.8620296	467.6723017	1.011096932
17/06/25	7	NW_MIX1	2	550.627138	525.526658	1.047762525
17/06/25	7	NW_MIX1	3	690.4218928	646.319896	1.068235555
17/06/25	7	NW_MIX1	4	453.5917902	438.3875163	1.034682269
17/06/25	7	NW_MIX1	5	643.5575827	624.3042913	1.030839595
17/06/25	7	NW_MIX1	6	579.9315849	548.6085826	1.057095356
17/06/25	7	NW_MIXR	1	233.1812999	205.916775	1.132405555
17/06/25	7	NW_MIXR	2	635.4618016	606.7490247	1.047322329
17/06/25	7	NW_MIXR	3	536.8301026	463.7451235	1.157597299
17/06/25	7	NW_MIXR	4	712.6567845	680.6241873	1.04706356
17/06/25	7	NW_MIXR	5	497.2633979	441.9505852	1.125156102
17/06/25	7	NW_MIXR	6	607.1835804	569.6358908	1.065915246
18/06/25	8	WW_NOI	1	356.2143672	317.3211964	1.122567201
18/06/25	8	WW_NOI	2	429.1904219	364.9154746	1.176136535
18/06/25	8	WW_NOI	3	421.2086659	337.4512354	1.248206027
18/06/25	8	WW_NOI	4	422.2348917	379.9219766	1.111372644
18/06/25	8	WW_NOI	5	429.7605473	376.4889467	1.141495789
18/06/25	8	WW_NOI	6	755.1881414	760.7802341	0.992649529
18/06/25	8	WW_MIX1	1	526.4538198	472.3797139	1.114471694
18/06/25	8	WW_MIX1	2	498.8597491	455.2015605	1.095909576
18/06/25	8	WW_MIX1	3	522.8050171	513.420026	1.018279363
18/06/25	8	WW_MIX1	4	426.2257697	393.0039012	1.084533177
18/06/25	8	WW_MIX1	5	389.0535918	336.1118336	1.15751233
18/06/25	8	WW_MIX1	6	498.4036488	446.6449935	1.115883209
18/06/25	8	WW_MIXR	1	229.9885975	177.9583875	1.292372901
18/06/25	8	WW_MIXR	2	344.1277081	273.7581274	1.257050197
18/06/25	8	WW_MIXR	3	414.9372862	352.9258778	1.175706607
18/06/25	8	WW_MIXR	4	467.6168757	407.9973992	1.146127099
18/06/25	8	WW_MIXR	5	373.4321551	307.7503251	1.213425705
18/06/25	8	WW_MIXR	6	659.0649943	580.3381014	1.135656943
18/06/25	8	NW_NOI	1	676.1687571	630.6111834	1.072243523
18/06/25	8	NW_NOI	2	490.3078677	456.6579974	1.073687246
18/06/25	8	NW_NOI	3	530.4446978	462.0416125	1.148045292
18/06/25	8	NW_NOI	4	693.8426454	610.793238	1.135969756
18/06/25	8	NW_NOI	5	635.2337514	617.3081925	1.029038265
18/06/25	8	NW_NOI	6	312.8848347	297.4252276	1.05197813
18/06/25	8	NW_MIX1	1	532.041049	515.786736	1.031513631
18/06/25	8	NW_MIX1	2	603.7628278	564.5513654	1.069455969
18/06/25	8	NW_MIX1	3	765.2223489	709.5968791	1.07839024
18/06/25	8	NW_MIX1	4	526.5678449	491.0663199	1.072294767
18/06/25	8	NW_MIX1	5	739.7947548	714.343303	1.03562916
18/06/25	8	NW_MIX1	6	666.9327252	619.4408322	1.076668974
18/06/25	8	NW_MIXR	1	278.5632839	244.4603381	1.139502981
18/06/25	8	NW_MIXR	2	694.4127708	652.3407022	1.064494011
18/06/25	8	NW_MIXR	3	562.713797	480.1690507	1.171907677
18/06/25	8	NW_MIXR	4	801.0262258	751.6905072	1.065633021
18/06/25	8	NW_MIXR	5	548.6887115	488.686606	1.122782382
18/06/25	8	NW_MIXR	6	684.3785633	637.2301691	1.073989583
19/06/25	9	WW_NOI	1	373.2041049	326.9830949	1.141355962
19/06/25	9	WW_NOI	2	474.1163056	395.396619	1.199090439
19/06/25	9	WW_NOI	3	440.7069555	352.4317295	1.250474684
19/06/25	9	WW_NOI	4	469.6693273	411.6905072	1.140831083
19/06/25	9	WW_NOI	5	480.7297605	416.6579974	1.153775431
19/06/25	9	WW_NOI	6	803.0786773	782.3537061	1.026490539
19/06/25	9	WW_MIX1	1	573.2041049	506.5019506	1.131691801
19/06/25	9	WW_MIX1	2	535.4618016	473.810143	1.130118908
19/06/25	9	WW_MIX1	3	554.5039909	532.0546164	1.042193741
19/06/25	9	WW_MIX1	4	477.7651083	430.923277	1.108701093
19/06/25	9	WW_MIX1	5	414.709236	354.6423927	1.169372992
19/06/25	9	WW_MIX1	6	535.5758267	462.1456437	1.158889701
19/06/25	9	WW_MIXR	1	280.1596351	214.083225	1.308648238
19/06/25	9	WW_MIXR	2	361.9156214	284.7204161	1.271126343
19/06/25	9	WW_MIXR	3	485.7468643	403.0949285	1.205043353
19/06/25	9	WW_MIXR	4	513.6830103	440.1170351	1.167150938
19/06/25	9	WW_MIXR	5	441.6191562	359.7269181	1.227651126
19/06/25	9	WW_MIXR	6	745.6100342	642.8088427	1.15992498
19/06/25	9	NW_NOI	1	767.1607754	708.946684	1.082113497
19/06/25	9	NW_NOI	2	565.6784493	514.7984395	1.098834817
19/06/25	9	NW_NOI	3	616.3055872	533.8751625	1.154400187
19/06/25	9	NW_NOI	4	773.31813	681.6124837	1.134542205
19/06/25	9	NW_NOI	5	698.1755986	665.9687906	1.048360837
19/06/25	9	NW_NOI	6	347.4344356	327.4512354	1.061026492
19/06/25	9	NW_MIX1	1	567.1607754	543.4460338	1.043637712
19/06/25	9	NW_MIX1	2	674.1163056	622.7178153	1.082538975
19/06/25	9	NW_MIX1	3	830.4446978	764.3563069	1.086462806
19/06/25	9	NW_MIX1	4	588.7115165	546.2158648	1.077800105
19/06/25	9	NW_MIX1	5	823.1470924	791.0923277	1.040519625
19/06/25	9	NW_MIX1	6	758.0387685	696.3979194	1.088513833
19/06/25	9	NW_MIXR	1	332.1550741	290.0650195	1.145105586
19/06/25	9	NW_MIXR	2	744.2417332	687.4122237	1.08267166
19/06/25	9	NW_MIXR	3	609.5781072	519.7789337	1.172764165
19/06/25	9	NW_MIXR	4	866.4766249	799.8049415	1.083359929
19/06/25	9	NW_MIXR	5	604.1049031	535.1495449	1.128852503
19/06/25	9	NW_MIXR	6	741.0490308	693.159948	1.06908807
20/06/25	10	WW_NOI	1	383.8084379	332.9648895	1.152699429
20/06/25	10	WW_NOI	2	521.5507412	430.5721717	1.21129691
20/06/25	10	WW_NOI	3	484.6066135	386.6840052	1.25323677
20/06/25	10	WW_NOI	4	518.3580388	447.10013	1.159377965
20/06/25	10	WW_NOI	5	534.5496009	464.083225	1.151839955
20/06/25	10	WW_NOI	6	829.6465222	792.4707412	1.046911235
20/06/25	10	WW_MIX1	1	619.2702395	545.2015605	1.135855589
20/06/25	10	WW_MIX1	2	579.1334094	506.189857	1.144103149
20/06/25	10	WW_MIX1	3	597.6054732	563.7451235	1.060063224
20/06/25	10	WW_MIX1	4	567.1607754	501.2873862	1.131408432
20/06/25	10	WW_MIX1	5	457.1265678	386.1118336	1.183922708
20/06/25	10	WW_MIX1	6	581.8700114	503.4720416	1.155714644
20/06/25	10	WW_MIXR	1	313.7970353	243.1209363	1.290703467
20/06/25	10	WW_MIXR	2	400.3420753	311.8205462	1.283886133
20/06/25	10	WW_MIXR	3	554.8460661	456.3459038	1.215845396
20/06/25	10	WW_MIXR	4	545.1539339	477.373212	1.141986857
20/06/25	10	WW_MIXR	5	478.677309	386.5669701	1.23827783
20/06/25	10	WW_MIXR	6	804.3329532	690.3381014	1.165129017
20/06/25	10	NW_NOI	1	860.5473204	793.4590377	1.084551665
20/06/25	10	NW_NOI	2	624.9714937	568.023407	1.100256584
20/06/25	10	NW_NOI	3	737.7423033	627.6072822	1.175483976
20/06/25	10	NW_NOI	4	863.1698974	766.2028609	1.126555305
20/06/25	10	NW_NOI	5	759.0649943	715.2405722	1.061272282
20/06/25	10	NW_NOI	6	382.0980616	363.159948	1.052148134
20/06/25	10	NW_MIX1	1	594.5267959	567.0091027	1.048531308
20/06/25	10	NW_MIX1	2	772.1778791	706.7360208	1.092597316
20/06/25	10	NW_MIX1	3	895.6670468	821.4694408	1.090323026
20/06/25	10	NW_MIX1	4	656.1003421	607.0871261	1.080735061
20/06/25	10	NW_MIX1	5	931.1288483	888.1274382	1.048418063
20/06/25	10	NW_MIX1	6	858.3808438	784.3302991	1.094412449
20/06/25	10	NW_MIXR	1	402.1664766	346.3719116	1.161082822
20/06/25	10	NW_MIXR	2	780.04561	710.8712614	1.097309249
20/06/25	10	NW_MIXR	3	648.2326112	550.8192458	1.176851782
20/06/25	10	NW_MIXR	4	892.7023945	819.3758127	1.089490781
20/06/25	10	NW_MIXR	5	638.4264538	563.4070221	1.133153171
20/06/25	10	NW_MIXR	6	769.6693273	717.9713914	1.072005565
21/06/25	11	WW_NOI	1	392.5883694	338.1404421	1.161021636
21/06/25	11	WW_NOI	2	551.1972634	451.1313394	1.221811068
21/06/25	11	WW_NOI	3	518.3580388	412.4447334	1.256793933
21/06/25	11	WW_NOI	4	562.0296465	474.2782835	1.185020833
21/06/25	11	WW_NOI	5	549.372862	480.7412224	1.142762127
21/06/25	11	WW_NOI	6	858.9509692	809.8179454	1.060671691
21/06/25	11	WW_MIX1	1	660.3192702	577.5422627	1.143326321
21/06/25	11	WW_MIX1	2	652.1094641	567.1521456	1.149796345
21/06/25	11	WW_MIX1	3	629.6465222	583.3289987	1.079402059
21/06/25	11	WW_MIX1	4	597.7194983	537.7373212	1.111545498
21/06/25	11	WW_MIX1	5	501.4823261	416.0728218	1.205275374
21/06/25	11	WW_MIX1	6	650.0570125	544.1612484	1.194603648
21/06/25	11	WW_MIXR	1	351.3112885	271.9115735	1.292005647
21/06/25	11	WW_MIXR	2	441.5051311	353.7191157	1.248180015
21/06/25	11	WW_MIXR	3	620.5245154	504.6814044	1.22953711
21/06/25	11	WW_MIXR	4	585.290764	515.2925878	1.135841613
21/06/25	11	WW_MIXR	5	549.6009122	434.343303	1.265360622
21/06/25	11	WW_MIXR	6	879.1334094	748.0624187	1.175213976
21/06/25	11	NW_NOI	1	927.0239453	864.0182055	1.072921773
21/06/25	11	NW_NOI	2	694.4127708	622.9648895	1.114690061
21/06/25	11	NW_NOI	3	785.6328392	672.3146944	1.168549261
21/06/25	11	NW_NOI	4	950.1710376	836.9570871	1.135268525
21/06/25	11	NW_NOI	5	825.1995439	774.1872562	1.065891407
21/06/25	11	NW_NOI	6	445.381984	412.2106632	1.080471768
21/06/25	11	NW_MIX1	1	632.7251995	602.0546164	1.050943191
21/06/25	11	NW_MIX1	2	843.2155074	769.9479844	1.095159056
21/06/25	11	NW_MIX1	3	928.6202965	857.3211964	1.08316498
21/06/25	11	NW_MIX1	4	711.0604333	653.7971391	1.087585722
21/06/25	11	NW_MIX1	5	978.2212087	935.5396619	1.045622381
21/06/25	11	NW_MIX1	6	931.2428734	850.6371912	1.094759179
21/06/25	11	NW_MIXR	1	469.5553022	399.1937581	1.176259129
21/06/25	11	NW_MIXR	2	812.8848347	741.3524057	1.096489103
21/06/25	11	NW_MIXR	3	679.2474344	580.3120936	1.170486436
21/06/25	11	NW_MIXR	4	919.1562144	843.1859558	1.090099056
21/06/25	11	NW_MIXR	5	663.8540479	584.8244473	1.135133887
21/06/25	11	NW_MIXR	6	823.2611174	768.6085826	1.071105809
22/06/25	12	WW_NOI	1	391.7901938	336.0078023	1.166015167
22/06/25	12	WW_NOI	2	567.2748005	459.4278283	1.234741924
22/06/25	12	WW_NOI	3	545.9521095	434.6944083	1.255944634
22/06/25	12	WW_NOI	4	598.9737742	506.8920676	1.181659396
22/06/25	12	WW_NOI	5	557.4686431	484.1742523	1.151380191
22/06/25	12	WW_NOI	6	869.7833523	815.5916775	1.066444615
22/06/25	12	WW_MIX1	1	682.4401368	593.4850455	1.149885986
22/06/25	12	WW_MIX1	2	703.4207526	606.6579974	1.159501326
22/06/25	12	WW_MIX1	3	650.5131129	597.8803641	1.088032242
22/06/25	12	WW_MIX1	4	647.3204105	574.343303	1.127061824
22/06/25	12	WW_MIX1	5	540.2508552	443.5890767	1.217908383
22/06/25	12	WW_MIX1	6	653.36374	549.4668401	1.189086752
22/06/25	12	WW_MIXR	1	385.9749145	294.3172952	1.31142451
22/06/25	12	WW_MIXR	2	492.018244	388.9076723	1.265128664
22/06/25	12	WW_MIXR	3	657.5826682	530.0520156	1.24060026
22/06/25	12	WW_MIXR	4	619.4982896	539.9609883	1.14730194
22/06/25	12	WW_MIXR	5	608.8939567	475.2795839	1.281127945
22/06/25	12	WW_MIXR	6	940.8209806	784.3042913	1.199561179
22/06/25	12	NW_NOI	1	983.0102623	914.6293888	1.074763477
22/06/25	12	NW_NOI	2	735.1197263	654.1092328	1.123848571
22/06/25	12	NW_NOI	3	874.3443558	748.7776333	1.167695611
22/06/25	12	NW_NOI	4	1015.735462	884.4993498	1.148373328
22/06/25	12	NW_NOI	5	859.977195	800.1170351	1.074814255
22/06/25	12	NW_NOI	6	488.027366	443.6540962	1.100017717
22/06/25	12	NW_MIX1	1	678.677309	636.4629389	1.066326517
22/06/25	12	NW_MIX1	2	927.8221209	841.7815345	1.10221249
22/06/25	12	NW_MIX1	3	960.7753706	879.4928479	1.092419765
22/06/25	12	NW_MIX1	4	742.5313569	673.953186	1.101755096
22/06/25	12	NW_MIX1	5	1017.901938	963.6540962	1.056293894
22/06/25	12	NW_MIX1	6	988.7115165	901.5604681	1.096666892
22/06/25	12	NW_MIXR	1	519.95439	444.7074122	1.169205585
22/06/25	12	NW_MIXR	2	818.9281642	743.2249675	1.101857715
22/06/25	12	NW_MIXR	3	717.2177879	612.5357607	1.170899454
22/06/25	12	NW_MIXR	4	944.4697834	863.5240572	1.09373882
22/06/25	12	NW_MIXR	5	682.8962372	600.8842653	1.136485471
22/06/25	12	NW_MIXR	6	848.8027366	794.7204161	1.068052008
23/06/25	13	WW_NOI	1	398.9737742	340.8192458	1.170631586
23/06/25	13	WW_NOI	2	581.9840365	467.0741222	1.246020725
23/06/25	13	WW_NOI	3	589.395667	468.7256177	1.25744283
23/06/25	13	WW_NOI	4	654.1619156	547.763329	1.194241894
23/06/25	13	WW_NOI	5	570.0114025	490.9102731	1.161131542
23/06/25	13	WW_NOI	6	885.8608894	829.5968791	1.067820904
23/06/25	13	WW_MIX1	1	703.1927024	602.6527958	1.166828906
23/06/25	13	WW_MIX1	2	752.4515393	641.7555267	1.17248938
23/06/25	13	WW_MIX1	3	684.3785633	622.3537061	1.099661746
23/06/25	13	WW_MIX1	4	683.4663626	594.9674902	1.148745728
23/06/25	13	WW_MIX1	5	545.9521095	443.810143	1.230147887
23/06/25	13	WW_MIX1	6	665.5644242	558.0494148	1.192662167
23/06/25	13	WW_MIXR	1	425.9977195	316.5279584	1.345845472
23/06/25	13	WW_MIXR	2	549.9429875	433.6671001	1.268122455
23/06/25	13	WW_MIXR	3	717.1037628	566.9310793	1.264887019
23/06/25	13	WW_MIXR	4	661.6875713	570.0130039	1.160828905
23/06/25	13	WW_MIXR	5	677.1949829	525.3185956	1.289112909
23/06/25	13	WW_MIXR	6	1002.736602	826.3979194	1.213382293
23/06/25	13	NW_NOI	1	1006.157355	936.7230169	1.074124727
23/06/25	13	NW_NOI	2	746.2941847	655.9037711	1.13781048
23/06/25	13	NW_NOI	3	943.8996579	803.1339402	1.175270538
23/06/25	13	NW_NOI	4	1029.418472	886.449935	1.161282134
23/06/25	13	NW_NOI	5	892.2462942	821.716515	1.085832252
23/06/25	13	NW_NOI	6	521.5507412	473.3029909	1.101938401
23/06/25	13	NW_MIX1	1	719.6123147	660.793238	1.089012831
23/06/25	13	NW_MIX1	2	964.7662486	870.0910273	1.108810709
23/06/25	13	NW_MIX1	3	959.1790194	871.443433	1.100678464
23/06/25	13	NW_MIX1	4	740.3648803	678.153446	1.091736516
23/06/25	13	NW_MIX1	5	1018.129989	953.029909	1.068308538
23/06/25	13	NW_MIX1	6	1003.192702	910	1.102409563
23/06/25	13	NW_MIXR	1	570.0114025	485.2275683	1.174730044
23/06/25	13	NW_MIXR	2	828.7343216	739.1547464	1.12119191
23/06/25	13	NW_MIXR	3	762.3717218	648.0884265	1.176339047
23/06/25	13	NW_MIXR	4	940.8209806	850.0520156	1.106780483
23/06/25	13	NW_MIXR	5	691.9042189	604.4083225	1.144762891
23/06/25	13	NW_MIXR	6	898.5176739	830.3120936	1.08214451
24/06/25	14	WW_NOI	1	411.8586089	347.7243173	1.184440053
24/06/25	14	WW_NOI	2	581.7559863	466.7490247	1.246400004
24/06/25	14	WW_NOI	3	634.2075257	498.3875163	1.272518883
24/06/25	14	WW_NOI	4	687.5712657	577.1911573	1.191236659
24/06/25	14	WW_NOI	5	579.7035348	500.260078	1.158804311
24/06/25	14	WW_NOI	6	892.4743444	833.7321196	1.070456953
24/06/25	14	WW_MIX1	1	752.9076397	632.8738622	1.189664615
24/06/25	14	WW_MIX1	2	811.5165336	677.6592978	1.197528812
24/06/25	14	WW_MIX1	3	717.4458381	648.0754226	1.107040652
24/06/25	14	WW_MIX1	4	718.1299886	614.7204161	1.168222121
24/06/25	14	WW_MIX1	5	576.2827822	460.2080624	1.252222265
24/06/25	14	WW_MIX1	6	720.6385405	594.8764629	1.21140873
24/06/25	14	WW_MIXR	1	513.7970353	372.2886866	1.380103811
24/06/25	14	WW_MIXR	2	598.4036488	465.4226268	1.285721008
24/06/25	14	WW_MIXR	3	801.368301	619.2717815	1.294049438
24/06/25	14	WW_MIXR	4	662.9418472	570.5851756	1.161863076
24/06/25	14	WW_MIXR	5	724.5153934	561.7815345	1.289674631
24/06/25	14	WW_MIXR	6	1053.933865	858.5955787	1.227509075
24/06/25	14	NW_NOI	1	1007.069555	928.1274382	1.085055256
24/06/25	14	NW_NOI	2	762.8278221	665.1625488	1.146829183
24/06/25	14	NW_NOI	3	960.2052452	805.8257477	1.191579256
24/06/25	14	NW_NOI	4	1039.90878	887.4122237	1.171844102
24/06/25	14	NW_NOI	5	899.3158495	826.2418726	1.088441387
24/06/25	14	NW_NOI	6	567.3888255	513.4460338	1.105060295
24/06/25	14	NW_MIX1	1	739.5667047	671.4954486	1.101372625
24/06/25	14	NW_MIX1	2	961.345496	862.3927178	1.114742131
24/06/25	14	NW_MIX1	3	960.8893957	867.1131339	1.108147666
24/06/25	14	NW_MIX1	4	753.1356899	681.4694408	1.105164289
24/06/25	14	NW_MIX1	5	1021.892816	950.2080624	1.075441113
24/06/25	14	NW_MIX1	6	997.7194983	897.2821847	1.111935036
24/06/25	14	NW_MIXR	1	613.5689852	518.4525358	1.183462213
24/06/25	14	NW_MIXR	2	841.8472064	743.3029909	1.132576105
24/06/25	14	NW_MIXR	3	766.704675	659.5578674	1.162452474
24/06/25	14	NW_MIXR	4	953.9338655	851.1053316	1.120817636
24/06/25	14	NW_MIXR	5	694.2987457	595.5006502	1.16590762
24/06/25	14	NW_MIXR	6	918.3580388	842.756827	1.08970703
25/06/25	15	WW_NOI	1	405.5872292	337.0351105	1.203397559
25/06/25	15	WW_NOI	2	584.2645382	465.526658	1.255061398
25/06/25	15	WW_NOI	3	621.5507412	481.5344603	1.290771051
25/06/25	15	WW_NOI	4	687.5712657	569.336801	1.207670512
25/06/25	15	WW_NOI	5	581.299886	495.2795839	1.173680291
25/06/25	15	WW_NOI	6	906.3854048	826.2678804	1.096963135
25/06/25	15	WW_MIX1	1	723.3751425	617.0351105	1.172340326
25/06/25	15	WW_MIX1	2	803.6488027	664.2652796	1.209831113
25/06/25	15	WW_MIX1	3	714.3671608	642.8218466	1.111298822
25/06/25	15	WW_MIX1	4	723.0330673	612.9388817	1.179616906
25/06/25	15	WW_MIX1	5	572.7480046	455.4356307	1.257582776
25/06/25	15	WW_MIX1	6	712.4287343	589.0507152	1.209452286
25/06/25	15	WW_MIXR	1	512.3147092	368.816645	1.389076974
25/06/25	15	WW_MIXR	2	598.5176739	464.5123537	1.28848602
25/06/25	15	WW_MIXR	3	790.5359179	615.8907672	1.283565138
25/06/25	15	WW_MIXR	4	681.4139111	575.9947984	1.183020946
25/06/25	15	WW_MIXR	5	711.0604333	549.4278283	1.294183506
25/06/25	15	WW_MIXR	6	1058.380844	854.5773732	1.238484515
25/06/25	15	NW_NOI	1	1002.736602	920.0390117	1.089884874
25/06/25	15	NW_NOI	2	749.8289624	650.7802341	1.152199964
25/06/25	15	NW_NOI	3	958.2668187	795.0975293	1.205219213
25/06/25	15	NW_NOI	4	1028.278221	872.3927178	1.178687304
25/06/25	15	NW_NOI	5	883.9224629	807.7373212	1.094319205
25/06/25	15	NW_NOI	6	595.7810718	527.1521456	1.130188081
25/06/25	15	NW_MIX1	1	735.9179019	662.1716515	1.111370292
25/06/25	15	NW_MIX1	2	951.7673888	845.2405722	1.126031357
25/06/25	15	NW_MIX1	3	956.3283922	858.9856957	1.113322838
25/06/25	15	NW_MIX1	4	760.0912201	677.8543563	1.121319371
25/06/25	15	NW_MIX1	5	1029.874572	948.7776333	1.08547518
25/06/25	15	NW_MIX1	6	992.7023945	885.9427828	1.120503958
25/06/25	15	NW_MIXR	1	616.6476625	515.0845254	1.197177613
25/06/25	15	NW_MIXR	2	839.1106043	738.3745124	1.136429536
25/06/25	15	NW_MIXR	3	769.4412771	651.4694408	1.181085756
25/06/25	15	NW_MIXR	4	952.4515393	844.4993498	1.127829808
25/06/25	15	NW_MIXR	5	693.27252	588.6085826	1.177815853
25/06/25	15	NW_MIXR	6	905.2451539	821.4174252	1.102052533